0
32
64
96
128
160
192
224
272
304
335
368
399
432
464
496
529
560
608
639
671
703
736
768
800
832
864
896
944
976
1008
1040
1072
1104
1136
1167
1199
1232
1280
1312
1343
1375
1407
1439
1471
1503
1536
1568
1616
1648
1680
1712
1744
1776
1808
1840
1872
1904
1935
1984
2016
2047
2079
2111
2143
2175
2207
2240
2272
2320
2352
2384
2426
2448
2480
2512
2544
2576
2608
2656
2688
2720
2752
2784
2816
2848
2879
2911
2943
2993
3024
3056
3088
3119
3152
3185
3216
3247
3280
3328
3361
3392
3424
3455
3488
3520
3551
3584
3615
3663
3696
3729
3760
3792
3824
3856
3887
3919
3952
3984
4032
4063
4096
4129
4161
4193
4224
4256
4287
4320
4367
4399
4432
4463
4496
4528
4560
4593
4625
4657
4703
4735
4767
4799
4831
4863
4895
4928
4960
4992
5040
5072
5104
5136
5168
5200
5231
5264
5296
5328
5375
5407
5439
5471
5503
5535
5567
5599
5631
5664
5696
5743
5776
5808
5840
5871
5903
5936
5967
5999
6031
6080
6111
6143
6175
6207
6239
6271
6303
6335
6367
6415
6448
6480
6512
6544
6576
6607
6640
6671
6704
6752
6784
6816
6848
6880
6912
6944
6976
7009
7040
7089
7119
7152
7184
7216
7248
7281
7311
7344
7376
7408
7457
7489
7520
7552
7584
7616
7648
7680
7711
7744
7792
7824
7857
7889
7920
7953
7984
8016
8048
8080
8128
8160
8192
8224
8257
8289
8320
8352
8384
8416
8463
8496
8528
8560
8592
8625
8656
8688
8720
8752
8799
8831
8863
8896
8928
8960
8992
9025
9057
9089
9121
9167
9199
9231
9263
9296
9327
9360
9392
9424
9457
9503
9535
9567
9599
9636
9663
9696
9728
9759
9793
9840
9872
9904
9935
9967
10000
10032
10064
10096
10128
10175
10208
10240
10272
10304
10335
10367
10399
10431
10464
10512
10544
10576
10608
10640
10672
10703
10736
10767
10799
10848
10880
10912
10943
10976
11008
11040
11072
11105
11136
11168
11215
11248
11281
11312
11343
11375
11408
11440
11472
11504
11553
11584
11616
11648
11680
11712
11744
11776
11808
11840
11889
11921
11952
11983
12015
12048
12079
12114
12144
12175
12224
12256
12288
12320
12352
12384
12415
12448
12480
12512
12560
12592
12624
12656
12688
12720
12753
12784
12816
12848
12880
12927
12959
12992
13025
13056
13089
13121
13153
13184
13216
13264
13296
13328
13360
13392
13424
13456
13489
13520
13553
13599
13631
13664
13696
13728
13759
13791
13824
13856
13888
13936
13967
14000
14032
14064
14096
14128
14160
14191
14223
14272
14304
14336
14368
14400
14432
14463
14496
14527
14560
14591
14639
14672
14704
14736
14768
14801
14832
14864
14896
14928
14976
15008
15040
15072
15104
15137
15168
15199
15231
15263
15311
15344
15375
15407
15440
15472
15503
15535
15568
15600
15648
15680
15712
15744
15777
15808
15840
15871
15903
15935
15985
16016
16047
16079
16112
16144
16177
16209
16240
16272
16321
16353
16384
16417
16448
16480
16512
16544
16576
16607
16640
16689
16720
16753
16785
16816
16848
16880
16912
16944
16975
17024
17056
17088
17121
17153
17185
17216
17248
17279
17312
17360
17392
17424
17456
17488
17521
17553
17585
17616
17648
17696
17728
17760
17792
17824
17856
17889
17921
17953
17984
18031
18064
18095
18127
18159
18192
18224
18256
18288
18321
18353
18400
18432
18464
18496
18527
18560
18592
18623
18656
18689
18735
18768
18800
18832
18864
18896
18928
18960
18992
19024
19072
19104
19136
19168
19200
19233
19264
19296
19327
19360
19408
19440
19472
19504
19535
19567
19599
19631
19663
19695
19744
19776
19808
19840
19872
19903
19936
19967
20000
20032
20064
20112
20144
20176
20207
20239
20272
20304
20336
20368
20400
20448
20480
20512
20544
20576
20608
20640
20671
20703
20735
20785
20816
20848
20880
20912
20944
20976
21008
21040
21072
21120
21152
21185
21216
21248
21280
21312
21344
21376
21408
21455
21487
21520
21553
21585
21617
21648
21679
21712
21744
21792
21824
21855
21888
21920
21952
21985
22017
22049
22080
22112
22160
22192
22224
22256
22288
22321
22352
22385
22417
22449
22496
22528
22560
22592
22623
22656
22688
22719
22752
22785
22831
22864
22896
22927
22960
22992
23023
23056
23088
23120
23167
23200
23232
23263
23295
23328
23360
23392
23424
23456
23504
23536
23568
23600
23632
23664
23696
23728
23759
23792
23824
23872
23904
23936
23968
24000
24032
24063
24095
24128
24160
24207
24239
24272
24303
24336
24368
24399
24431
24463
24495
24543
24576
24608
24639
24671
24703
24736
24768
24800
24831
24880
24912
24943
24975
25008
25040
25072
25104
25136
25168
25216
25248
25281
25313
25344
25377
25407
25439
25472
25504
25535
25584
25616
25648
25680
25713
25744
25776
25807
25840
25872
25920
25952
25984
26016
26049
26080
26112
26144
26175
26208
26256
26288
26320
26353
26385
26416
26449
26480
26512
26543
26592
26624
26656
26688
26720
26752
26784
26816
26848
26880
26928
26959
26992
27024
27056
27088
27121
27152
27185
27217
27248
27296
27327
27359
27392
27424
27458
27488
27521
27553
27585
27632
27663
27695
27727
27759
27791
27824
27856
27888
27921
27967
28000
28032
28064
28096
28128
28160
28192
28224
28256
28304
28336
28369
28400
28431
28463
28496
28527
28560
28591
28640
28672
28704
28736
28767
28799
28831
28863
28895
28927
28975
29008
29039
29071
29103
29135
29167
29200
29231
29263
29296
29345
29377
29408
29440
29472
29504
29536
29568
29599
29631
29680
29714
29745
29776
29809
29839
29871
29904
29935
29967
30017
30049
30081
30114
30145
30176
30208
30240
30272
30303
30352
30384
30416
30448
30481
30514
30545
30576
30608
30640
30688
30720
30752
30785
30817
30849
30881
30914
30945
30977
31008
31056
31088
31120
31152
31184
31216
31249
31281
31313
31345
31391
31424
31455
31487
31519
31552
31584
31616
31649
31680
31728
31759
31791
31823
31855
31887
31920
31952
31984
32016
32063
32095
32127
32160
32191
32224
32255
32287
32320
32352
32399
32432
32464
32496
32527
32560
32591
32623
32656
32687
32720
32768
32799
32831
32863
32895
32927
32960
32992
33024
33056
33103
33135
33168
33199
33231
33264
33296
33327
33359
33391
33440
33473
33504
33536
33568
33600
33631
33663
33696
33727
33777
33809
33840
33872
33903
33936
33967
33999
34031
34063
34113
34145
34177
34208
34240
34272
34304
34336
34368
34400
34448
34481
34514
34545
34577
34608
34640
34672
34703
34736
